 1.00361109e-01 0.00000000e+00
 2.44003057e-01 0.00000000e+00
 3.77351999e-01 0.00000000e+00
 5.11682987e-01 0.00000000e+00
 6.44979000e-01 1.00000000e-04
 7.79452085e-01 1.00000000e-04
 9.12993193e-01 1.00000000e-04
 1.04727221e+00 1.00000000e-04
 1.18056607e+00 1.00000000e-04
 1.31478715e+00 1.00000000e-04
 1.48890615e+00 1.00000000e-04
 1.62295318e+00 1.00000000e-04
 1.76593614e+00 1.00000000e-04
 1.89928102e+00 0.00000000e+00
 2.03356504e+00 0.00000000e+00
 2.16652203e+00 1.00000000e-04
 2.30066514e+00 1.00000000e-04
 2.43359113e+00 2.00000000e-04
 2.57041121e+00 2.00000000e-04
 2.76402998e+00 2.00000000e-04
 2.89804721e+00 2.00000000e-04
 3.03190112e+00 2.00000000e-04
 3.16528010e+00 2.00000000e-04
 3.29921103e+00 2.00000000e-04
 3.43220019e+00 2.00000000e-04
 3.56695104e+00 2.00000000e-04
 3.76170111e+00 2.00000000e-04
 3.89462018e+00 2.00000000e-04
 4.02846718e+00 2.00000000e-04
 4.16129708e+00 2.00000000e-04
 4.29538417e+00 2.00000000e-04
 4.42848611e+00 2.00000000e-04
 4.56282520e+00 2.00000000e-04
 4.75270700e+00 2.00000000e-04
 4.88612199e+00 2.00000000e-04
 5.02041912e+00 2.00000000e-04
 5.15341616e+00 2.00000000e-04
 5.28759003e+00 2.00000000e-04
 5.42079306e+00 2.00000000e-04
 5.55463219e+00 2.00000000e-04
 5.68822217e+00 1.00000000e-04
 5.82217717e+00 1.00000000e-04
 5.99502516e+00 1.00000000e-04
 6.12858510e+00 1.00000000e-04
 6.26290512e+00 1.00000000e-04
 6.39675307e+00 1.00000000e-04
 6.53107905e+00 1.00000000e-04
 6.66459513e+00 1.00000000e-04
 6.79904008e+00 1.00000000e-04
 6.93272114e+00 1.00000000e-04
 7.06732702e+00 1.00000000e-04
 7.24185514e+00 0.00000000e+00
 7.37625504e+00 0.00000000e+00
 7.51131606e+00 0.00000000e+00
 7.64488721e+00 1.00000000e-04
 7.77994013e+00 1.00000000e-04
 7.91362810e+00 0.00000000e+00
 8.04991698e+00 0.00000000e+00
 8.18361521e+00 0.00000000e+00
 8.31905603e+00 -0.00000000e+00
 8.49291611e+00 -0.00000000e+00
 8.62704515e+00 -0.00000000e+00
 8.76277709e+00 -0.00000000e+00
 8.89692998e+00 -1.00000000e-04
 9.03240800e+00 -1.00000000e-04
 9.16675401e+00 -1.00000000e-04
 9.30452299e+00 -1.00000000e-04
 9.43958521e+00 -1.00000000e-04
 9.57391810e+00 -0.00000000e+00
 9.76753712e+00 -0.00000000e+00
 9.90147901e+00 -1.00000000e-04
 1.00361822e+01 -1.00000000e-04
 1.01699290e+01 -1.00000000e-04
 1.03054552e+01 -1.00000000e-04
 1.04393601e+01 -0.00000000e+00
 1.05741050e+01 -0.00000000e+00
 1.07637451e+01 -0.00000000e+00
 1.08974202e+01 -1.00000000e-04
 1.10323701e+01 -1.00000000e-04
 1.11666031e+01 -0.00000000e+00
 1.13012180e+01 -0.00000000e+00
 1.14352901e+01 -0.00000000e+00
 1.15706201e+01 -0.00000000e+00
 1.17623200e+01 -0.00000000e+00
 1.18971012e+01 -0.00000000e+00
 1.20322392e+01 -0.00000000e+00
 1.21656651e+01 -1.00000000e-04
 1.23010020e+01 -1.00000000e-04
 1.24349921e+01 -1.00000000e-04
 1.25705972e+01 -1.00000000e-04
 1.27638690e+01 -1.00000000e-04
 1.28978751e+01 -1.00000000e-04
 1.30333490e+01 -1.00000000e-04
 1.31668391e+01 -1.00000000e-04
 1.33010440e+01 -1.00000000e-04
 1.34346631e+01 -2.00000000e-04
 1.35694451e+01 -2.00000000e-04
 1.37596111e+01 -2.00000000e-04
 1.38934240e+01 -2.00000000e-04
 1.40282922e+01 -2.00000000e-04
 1.41628821e+01 -2.00000000e-04
 1.42978072e+01 -2.00000000e-04
 1.44315851e+01 -2.00000000e-04
 1.45666311e+01 -2.00000000e-04
 1.47571950e+01 -3.00000000e-04
 1.48910320e+01 -2.00000000e-04
 1.50258310e+01 -2.00000000e-04
 1.51595912e+01 -3.00000000e-04
 1.52946692e+01 -3.00000000e-04
 1.54285841e+01 -2.00000000e-04
 1.55634792e+01 -2.00000000e-04
 1.57558792e+01 -2.00000000e-04
 1.58901021e+01 -1.00000000e-04
 1.60249071e+01 -1.00000000e-04
 1.61584642e+01 -1.00000000e-04
 1.62929940e+01 -1.00000000e-04
 1.64270611e+01 -1.00000000e-04
 1.65616572e+01 -1.00000000e-04
 1.67523880e+01 -1.00000000e-04
 1.68860121e+01 -1.00000000e-04
 1.70208120e+01 -1.00000000e-04
 1.71548622e+01 -1.00000000e-04
 1.72899580e+01 -1.00000000e-04
 1.74238961e+01 -2.00000000e-04
 1.75616870e+01 -2.00000000e-04
 1.77541380e+01 -2.00000000e-04
 1.78881931e+01 -2.00000000e-04
 1.80229840e+01 -2.00000000e-04
 1.81645260e+01 -2.00000000e-04
 1.83000422e+01 -2.00000000e-04
 1.84349842e+01 -3.00000000e-04
 1.85707340e+01 -3.00000000e-04
 1.87580621e+01 -3.00000000e-04
 1.88922892e+01 -3.00000000e-04
 1.90269601e+01 -3.00000000e-04
 1.91609631e+01 -3.00000000e-04
 1.92955911e+01 -3.00000000e-04
 1.94294100e+01 -3.00000000e-04
 1.95637932e+01 -3.00000000e-04
 1.97552130e+01 -3.00000000e-04
 1.98893461e+01 -3.00000000e-04
 2.00237601e+01 -3.00000000e-04
 2.01579940e+01 -3.00000000e-04
 2.02933910e+01 -3.00000000e-04
 2.04269502e+01 -4.00000000e-04
 2.05618222e+01 -4.00000000e-04
 2.07565682e+01 -4.00000000e-04
 2.08910241e+01 -4.00000000e-04
 2.10261362e+01 -4.00000000e-04
 2.11612360e+01 -4.00000000e-04
 2.12970221e+01 -4.00000000e-04
 2.14319870e+01 -4.00000000e-04
 2.15670290e+01 -4.00000000e-04
 2.17552481e+01 -4.00000000e-04
 2.18888280e+01 -4.00000000e-04
 2.20239081e+01 -4.00000000e-04
 2.21574872e+01 -4.00000000e-04
 2.22922940e+01 -4.00000000e-04
 2.24260690e+01 -5.00000000e-04
 2.25614622e+01 -5.00000000e-04
 2.27552991e+01 -5.00000000e-04
 2.28916361e+01 -5.00000000e-04
 2.30265341e+01 -5.00000000e-04
 2.31603401e+01 -5.00000000e-04
 2.32957070e+01 -5.00000000e-04
 2.34308672e+01 -5.00000000e-04
 2.35661821e+01 -5.00000000e-04
 2.37640231e+01 -5.00000000e-04
 2.38979490e+01 -5.00000000e-04
 2.40328810e+01 -5.00000000e-04
 2.41664791e+01 -6.00000000e-04
 2.43021700e+01 -6.00000000e-04
 2.44365242e+01 -6.00000000e-04
 2.45719111e+01 -6.00000000e-04
 2.47657161e+01 -6.00000000e-04
 2.49000812e+01 -6.00000000e-04
 2.50349422e+01 -6.00000000e-04
 2.51686242e+01 -6.00000000e-04
 2.53032732e+01 -6.00000000e-04
 2.54376101e+01 -6.00000000e-04
 2.55722592e+01 -6.00000000e-04
 2.57646122e+01 -6.00000000e-04
 2.58985841e+01 -6.00000000e-04
 2.60333641e+01 -6.00000000e-04
 2.61673622e+01 -6.00000000e-04
 2.63020730e+01 -6.00000000e-04
 2.64364851e+01 -6.00000000e-04
 2.65724990e+01 -5.00000000e-04
 2.67617722e+01 -5.00000000e-04
 2.68954470e+01 -5.00000000e-04
 2.70300431e+01 -5.00000000e-04
 2.71639330e+01 -5.00000000e-04
 2.72992461e+01 -5.00000000e-04
 2.74331200e+01 -5.00000000e-04
 2.75681381e+01 -5.00000000e-04
 2.77552881e+01 -5.00000000e-04
 2.78893781e+01 -5.00000000e-04
 2.80248761e+01 -5.00000000e-04
 2.81594391e+01 -5.00000000e-04
 2.82953801e+01 -5.00000000e-04
 2.84293642e+01 -5.00000000e-04
 2.85672331e+01 -5.00000000e-04
 2.87598732e+01 -5.00000000e-04
 2.88938861e+01 -5.00000000e-04
 2.90286610e+01 -5.00000000e-04
 2.91625731e+01 -5.00000000e-04
 2.92978780e+01 -5.00000000e-04
 2.94312751e+01 -5.00000000e-04
 2.95657921e+01 -5.00000000e-04
 2.97549560e+01 -5.00000000e-04
 2.98885431e+01 -5.00000000e-04
 3.00232642e+01 -5.00000000e-04
 3.01569982e+01 -5.00000000e-04
 3.02917502e+01 -5.00000000e-04
 3.04262600e+01 -6.00000000e-04
 3.05616121e+01 -6.00000000e-04
 3.07565942e+01 -6.00000000e-04
 3.08906772e+01 -6.00000000e-04
 3.10262980e+01 -6.00000000e-04
 3.11600430e+01 -6.00000000e-04
 3.12950170e+01 -6.00000000e-04
 3.14289801e+01 -7.00000000e-04
 3.15649872e+01 -7.00000000e-04
 3.17624750e+01 -6.00000000e-04
 3.18963342e+01 -7.00000000e-04
 3.20320880e+01 -7.00000000e-04
 3.21666691e+01 -7.00000000e-04
 3.23050780e+01 -7.00000000e-04
 3.24394722e+01 -7.00000000e-04
 3.25747850e+01 -7.00000000e-04
 3.27657180e+01 -7.00000000e-04
 3.29004951e+01 -8.00000000e-04
 3.30350740e+01 -8.00000000e-04
 3.31691952e+01 -8.00000000e-04
 3.33052421e+01 -8.00000000e-04
 3.34398961e+01 -8.00000000e-04
 3.35742772e+01 -8.00000000e-04
 3.37578812e+01 -8.00000000e-04
 3.38918662e+01 -9.00000000e-04
 3.40274382e+01 -9.00000000e-04
 3.41621740e+01 -9.00000000e-04
 3.42975991e+01 -9.00000000e-04
 3.44318762e+01 -9.00000000e-04
 3.45679741e+01 -9.00000000e-04
 3.47639742e+01 -9.00000000e-04
 3.48982971e+01 -9.00000000e-04
 3.50342190e+01 -9.00000000e-04
 3.51683562e+01 -9.00000000e-04
 3.53035152e+01 -9.00000000e-04
 3.54378231e+01 -9.00000000e-04
 3.55744650e+01 -9.00000000e-04
 3.57649810e+01 -9.00000000e-04
 3.58989260e+01 -9.00000000e-04
 3.60338411e+01 -9.00000000e-04
 3.61680460e+01 -9.00000000e-04
 3.63034570e+01 -9.00000000e-04
 3.64378562e+01 -9.00000000e-04
 3.65731111e+01 -9.00000000e-04
 3.67663321e+01 -9.00000000e-04
 3.69003310e+01 -9.00000000e-04
 3.70360150e+01 -9.00000000e-04
 3.71701031e+01 -1.00000000e-03
 3.73055880e+01 -1.00000000e-03
 3.74397731e+01 -1.00000000e-03
 3.75779450e+01 -1.00000000e-03
 3.77640162e+01 -1.00000000e-03
 3.78982251e+01 -1.00000000e-03
 3.80336530e+01 -1.00000000e-03
 3.81679752e+01 -1.00000000e-03
 3.83051350e+01 -1.00000000e-03
 3.84410131e+01 -1.00000000e-03
 3.85780170e+01 -1.00000000e-03
 3.87640851e+01 -1.00000000e-03
 3.88982961e+01 -9.00000000e-04
 3.90337360e+01 -9.00000000e-04
 3.91687081e+01 -9.00000000e-04
 3.93037941e+01 -9.00000000e-04
 3.94378612e+01 -9.00000000e-04
 3.95731912e+01 -9.00000000e-04
 3.97689412e+01 -9.00000000e-04
 3.99035330e+01 -9.00000000e-04
 4.00402980e+01 -9.00000000e-04
 4.01761072e+01 -1.00000000e-03
 4.03128600e+01 -1.00000000e-03
 4.04915121e+01 -1.00000000e-03
 4.06262631e+01 -1.00000000e-03
 4.07657092e+01 -1.00000000e-03
 4.09002662e+01 -9.00000000e-04
 4.10357912e+01 -9.00000000e-04
 4.11700921e+01 -9.00000000e-04
 4.13068800e+01 -9.00000000e-04
 4.14413230e+01 -9.00000000e-04
 4.15768781e+01 -9.00000000e-04
 4.17655990e+01 -9.00000000e-04
 4.18999870e+01 -9.00000000e-04
 4.20351920e+01 -9.00000000e-04
 4.21694221e+01 -9.00000000e-04
 4.23049102e+01 -9.00000000e-04
 4.24407661e+01 -9.00000000e-04
 4.25756981e+01 -9.00000000e-04
 4.27648070e+01 -9.00000000e-04
 4.28993630e+01 -9.00000000e-04
 4.30348241e+01 -9.00000000e-04
 4.31688731e+01 -9.00000000e-04
 4.33054862e+01 -9.00000000e-04
 4.34391711e+01 -1.00000000e-03
 4.35747161e+01 -1.00000000e-03
 4.37585802e+01 -1.00000000e-03
 4.38926961e+01 -1.00000000e-03
 4.40284591e+01 -1.00000000e-03
 4.41629741e+01 -1.00000000e-03
 4.42993920e+01 -1.00000000e-03
 4.44347460e+01 -1.00000000e-03
 4.45704920e+01 -1.00000000e-03
 4.47600901e+01 -1.00000000e-03
 4.48946280e+01 -1.00000000e-03
 4.50307982e+01 -1.00000000e-03
 4.51659911e+01 -1.00000000e-03
 4.53019190e+01 -1.00000000e-03
 4.54372261e+01 -9.00000000e-04
 4.55729191e+01 -1.00000000e-03
 4.57613461e+01 -1.00000000e-03
 4.58959382e+01 -1.00000000e-03
 4.60317850e+01 -1.00000000e-03
 4.61664851e+01 -1.00000000e-03
 4.63018711e+01 -1.00000000e-03
 4.64360230e+01 -1.00000000e-03
 4.65712681e+01 -1.00000000e-03
 4.67640312e+01 -1.00000000e-03
 4.68983700e+01 -1.00000000e-03
 4.70338352e+01 -1.00000000e-03
 4.71681120e+01 -1.00000000e-03
 4.73036380e+01 -1.00000000e-03
 4.74379780e+01 -1.00000000e-03
 4.75733962e+01 -1.00000000e-03
 4.77579162e+01 -1.00000000e-03
 4.78922012e+01 -1.00000000e-03
 4.80277300e+01 -1.00000000e-03
 4.81620340e+01 -1.00000000e-03
 4.82977231e+01 -1.00000000e-03
 4.84326100e+01 -1.00000000e-03
 4.85708871e+01 -1.10000000e-03
 4.87650962e+01 -1.10000000e-03
 4.88997562e+01 -1.10000000e-03
 4.90358701e+01 -1.10000000e-03
 4.91708491e+01 -1.10000000e-03
 4.93062711e+01 -1.10000000e-03
 4.94414041e+01 -1.10000000e-03
 4.95795832e+01 -1.10000000e-03
 4.97672131e+01 -1.10000000e-03
 4.99017801e+01 -1.00000000e-03
 5.00374682e+01 -1.00000000e-03
 5.01726680e+01 -1.00000000e-03
 5.03083072e+01 -1.00000000e-03
 5.04841712e+01 -1.10000000e-03
 5.06218691e+01 -1.10000000e-03
 5.07601881e+01 -1.10000000e-03
 5.08958302e+01 -1.10000000e-03
 5.10341570e+01 -1.10000000e-03
 5.11688330e+01 -1.20000000e-03
 5.13046710e+01 -1.20000000e-03
 5.14398742e+01 -1.20000000e-03
 5.15763271e+01 -1.20000000e-03
 5.17645380e+01 -1.20000000e-03
 5.18999810e+01 -1.20000000e-03
 5.20354102e+01 -1.20000000e-03
 5.21696920e+01 -1.20000000e-03
 5.23058121e+01 -1.20000000e-03
 5.24399951e+01 -1.20000000e-03
 5.25756521e+01 -1.20000000e-03
 5.27665560e+01 -1.20000000e-03
 5.29011641e+01 -1.30000000e-03
 5.30379951e+01 -1.30000000e-03
 5.31726291e+01 -1.30000000e-03
 5.33089862e+01 -1.30000000e-03
 5.34845340e+01 -1.30000000e-03
 5.36208391e+01 -1.20000000e-03
 5.37622821e+01 -1.20000000e-03
 5.38968410e+01 -1.20000000e-03
 5.40328522e+01 -1.20000000e-03
 5.41671772e+01 -1.30000000e-03
 5.43029170e+01 -1.30000000e-03
 5.44388392e+01 -1.30000000e-03
 5.45754821e+01 -1.30000000e-03
 5.47645380e+01 -1.30000000e-03
 5.49005561e+01 -1.30000000e-03
 5.50359402e+01 -1.30000000e-03
 5.51703670e+01 -1.30000000e-03
 5.53067472e+01 -1.30000000e-03
 5.54424081e+01 -1.30000000e-03
 5.55782831e+01 -1.30000000e-03
 5.57668252e+01 -1.30000000e-03
 5.59022141e+01 -1.30000000e-03
 5.60379372e+01 -1.30000000e-03
 5.61728790e+01 -1.30000000e-03
 5.63092651e+01 -1.30000000e-03
 5.64809031e+01 -1.30000000e-03
 5.66165352e+01 -1.30000000e-03
 5.67653990e+01 -1.30000000e-03
 5.69018581e+01 -1.30000000e-03
 5.70373850e+01 -1.30000000e-03
 5.71717260e+01 -1.40000000e-03
 5.73084650e+01 -1.40000000e-03
 5.74874351e+01 -1.40000000e-03
 5.76228511e+01 -1.40000000e-03
 5.77661021e+01 -1.40000000e-03
 5.79006331e+01 -1.40000000e-03
 5.80368052e+01 -1.40000000e-03
 5.81720951e+01 -1.40000000e-03
 5.83086741e+01 -1.40000000e-03
 5.84876420e+01 -1.50000000e-03
 5.86233642e+01 -1.60000000e-03
 5.87656291e+01 -1.60000000e-03
 5.89005170e+01 -1.50000000e-03
 5.90360551e+01 -1.50000000e-03
 5.91704130e+01 -1.50000000e-03
 5.93064260e+01 -1.50000000e-03
 5.94411962e+01 -1.50000000e-03
 5.95776682e+01 -1.50000000e-03
 5.97673361e+01 -1.50000000e-03
 5.99015820e+01 -1.50000000e-03
 6.00370541e+01 -1.50000000e-03
 6.01714442e+01 -1.60000000e-03
 6.03069041e+01 -1.60000000e-03
 6.04415400e+01 -1.50000000e-03
 6.05777211e+01 -1.60000000e-03
 6.07661731e+01 -1.60000000e-03
 6.09009881e+01 -1.50000000e-03
 6.10371921e+01 -1.50000000e-03
 6.11721361e+01 -1.50000000e-03
 6.13080602e+01 -1.50000000e-03
 6.14862661e+01 -1.60000000e-03
 6.16220090e+01 -1.60000000e-03
 6.17673821e+01 -1.60000000e-03
 6.19022331e+01 -1.60000000e-03
 6.20380991e+01 -1.60000000e-03
 6.21725371e+01 -1.60000000e-03
 6.23087761e+01 -1.60000000e-03
 6.24876091e+01 -1.60000000e-03
 6.26230021e+01 -1.60000000e-03
 6.27635341e+01 -1.60000000e-03
 6.28984790e+01 -1.60000000e-03
 6.30347950e+01 -1.60000000e-03
 6.31700332e+01 -1.60000000e-03
 6.33058341e+01 -1.60000000e-03
 6.34427381e+01 -1.60000000e-03
 6.35791371e+01 -1.60000000e-03
 6.37602592e+01 -1.60000000e-03
 6.38957691e+01 -1.60000000e-03
 6.40320981e+01 -1.60000000e-03
 6.41676641e+01 -1.60000000e-03
 6.43063400e+01 -1.60000000e-03
 6.44417050e+01 -1.60000000e-03
 6.45783560e+01 -1.60000000e-03
 6.47684550e+01 -1.60000000e-03
 6.49033661e+01 -1.60000000e-03
 6.50393121e+01 -1.60000000e-03
 6.51740441e+01 -1.70000000e-03
 6.53100731e+01 -1.70000000e-03
 6.54861550e+01 -1.70000000e-03
 6.56234522e+01 -1.60000000e-03
 6.57652771e+01 -1.60000000e-03
 6.58996241e+01 -1.70000000e-03
 6.60366042e+01 -1.70000000e-03
 6.61722500e+01 -1.60000000e-03
 6.63096871e+01 -1.60000000e-03
 6.64880910e+01 -1.70000000e-03
 6.66243782e+01 -1.70000000e-03
 6.67622440e+01 -1.70000000e-03
 6.68970511e+01 -1.60000000e-03
 6.70310202e+01 -1.60000000e-03
 6.71664622e+01 -1.60000000e-03
 6.73035262e+01 -1.60000000e-03
 6.74382820e+01 -1.60000000e-03
 6.75736711e+01 -1.60000000e-03
 6.77631130e+01 -1.60000000e-03
 6.78985400e+01 -1.60000000e-03
 6.80341411e+01 -1.60000000e-03
 6.81690981e+01 -1.60000000e-03
 6.83053281e+01 -1.60000000e-03
 6.84413671e+01 -1.60000000e-03
 6.85790401e+01 -1.60000000e-03
 6.87611802e+01 -1.60000000e-03
 6.88958151e+01 -1.60000000e-03
 6.90314641e+01 -1.60000000e-03
 6.91661470e+01 -1.60000000e-03
 6.93030901e+01 -1.60000000e-03
 6.94386880e+01 -1.70000000e-03
 6.95758140e+01 -1.70000000e-03
 6.97706301e+01 -1.70000000e-03
 6.99056041e+01 -1.70000000e-03
 7.00425980e+01 -1.70000000e-03
 7.01785700e+01 -1.70000000e-03
 7.03151412e+01 -1.70000000e-03
 7.04937711e+01 -1.70000000e-03
 7.06292961e+01 -1.70000000e-03
 7.07669072e+01 -1.70000000e-03
 7.09014270e+01 -1.70000000e-03
 7.10384591e+01 -1.70000000e-03
 7.11731632e+01 -1.70000000e-03
 7.13120341e+01 -1.70000000e-03
 7.14879451e+01 -1.70000000e-03
 7.16242380e+01 -1.70000000e-03
 7.17643871e+01 -1.70000000e-03
 7.18990102e+01 -1.80000000e-03
 7.20366530e+01 -1.80000000e-03
 7.21716392e+01 -1.80000000e-03
 7.23095601e+01 -1.80000000e-03
 7.24890521e+01 -1.80000000e-03
 7.26252391e+01 -1.80000000e-03
 7.27671621e+01 -1.80000000e-03
 7.29022560e+01 -1.80000000e-03
 7.30375731e+01 -1.80000000e-03
 7.31721141e+01 -1.80000000e-03
 7.33100152e+01 -1.80000000e-03
 7.34888461e+01 -1.80000000e-03
 7.36248472e+01 -1.80000000e-03
 7.37656541e+01 -1.80000000e-03
 7.39003391e+01 -1.80000000e-03
 7.40370040e+01 -1.80000000e-03
 7.41717832e+01 -1.80000000e-03
 7.43095472e+01 -1.80000000e-03
 7.44841530e+01 -1.80000000e-03
 7.46196411e+01 -1.80000000e-03
 7.47596910e+01 -1.80000000e-03
 7.48948140e+01 -1.80000000e-03
 7.50310740e+01 -1.80000000e-03
 7.51655982e+01 -1.90000000e-03
 7.53042700e+01 -1.90000000e-03
 7.54393601e+01 -1.90000000e-03
 7.55758350e+01 -1.90000000e-03
 7.57646222e+01 -1.90000000e-03
 7.58993812e+01 -1.90000000e-03
 7.60353172e+01 -1.90000000e-03
 7.61697271e+01 -1.90000000e-03
 7.63062122e+01 -1.90000000e-03
 7.64418452e+01 -2.10000000e-03
 7.65778680e+01 -2.20000000e-03
 7.67671082e+01 -2.20000000e-03
 7.69014690e+01 -2.30000000e-03
 7.70372982e+01 -2.30000000e-03
 7.71716831e+01 -2.30000000e-03
 7.73073740e+01 -2.30000000e-03
 7.74432561e+01 -2.30000000e-03
 7.75815911e+01 -2.30000000e-03
 7.77654951e+01 -2.30000000e-03
 7.79003520e+01 -2.30000000e-03
 7.80363710e+01 -2.30000000e-03
 7.81709862e+01 -2.20000000e-03
 7.83063931e+01 -2.20000000e-03
 7.84406872e+01 -2.30000000e-03
 7.85768940e+01 -2.30000000e-03
 7.87657170e+01 -2.30000000e-03
 7.89029262e+01 -2.30000000e-03
 7.90392802e+01 -2.30000000e-03
 7.91749890e+01 -2.30000000e-03
 7.93113410e+01 -2.30000000e-03
 7.94884281e+01 -2.20000000e-03
 7.96231871e+01 -2.20000000e-03
 7.97689681e+01 -2.20000000e-03
 7.99037590e+01 -2.20000000e-03
 8.00403821e+01 -2.20000000e-03
 8.01753621e+01 -2.30000000e-03
 8.03119440e+01 -2.30000000e-03
 8.04882171e+01 -2.40000000e-03
 8.06248701e+01 -2.50000000e-03
 8.07667401e+01 -2.50000000e-03
 8.09015961e+01 -2.50000000e-03
 8.10374391e+01 -2.50000000e-03
 8.11731112e+01 -2.50000000e-03
 8.13098061e+01 -2.50000000e-03
 8.14813681e+01 -2.50000000e-03
 8.16177461e+01 -2.50000000e-03
 8.17669282e+01 -2.50000000e-03
 8.19013262e+01 -2.40000000e-03
 8.20371251e+01 -2.40000000e-03
 8.21718221e+01 -2.40000000e-03
 8.23075700e+01 -2.40000000e-03
 8.24426732e+01 -2.40000000e-03
 8.25815921e+01 -2.30000000e-03
 8.27636361e+01 -2.30000000e-03
 8.28983080e+01 -2.30000000e-03
 8.30337281e+01 -2.30000000e-03
 8.31682930e+01 -2.30000000e-03
 8.33040972e+01 -2.30000000e-03
 8.34385850e+01 -2.30000000e-03
 8.35742731e+01 -2.30000000e-03
 8.37655761e+01 -2.30000000e-03
 8.39002590e+01 -2.30000000e-03
 8.40364270e+01 -2.30000000e-03
 8.41709552e+01 -2.30000000e-03
 8.43059900e+01 -2.30000000e-03
 8.44403310e+01 -2.40000000e-03
 8.45759401e+01 -2.40000000e-03
 8.47654221e+01 -2.40000000e-03
 8.49000940e+01 -2.40000000e-03
 8.50364580e+01 -2.40000000e-03
 8.51725142e+01 -2.30000000e-03
 8.53097942e+01 -2.30000000e-03
 8.54861131e+01 -2.40000000e-03
 8.56230052e+01 -2.30000000e-03
 8.57649312e+01 -2.30000000e-03
 8.59011731e+01 -2.30000000e-03
 8.60409920e+01 -2.30000000e-03
 8.61760352e+01 -2.40000000e-03
 8.63122740e+01 -2.40000000e-03
 8.64884050e+01 -2.40000000e-03
 8.66241140e+01 -2.40000000e-03
 8.67669220e+01 -2.40000000e-03
 8.69017491e+01 -2.40000000e-03
 8.70386450e+01 -2.40000000e-03
 8.71733410e+01 -2.50000000e-03
 8.73099830e+01 -2.50000000e-03
 8.74862771e+01 -2.40000000e-03
 8.76218882e+01 -2.40000000e-03
 8.77658091e+01 -2.40000000e-03
 8.79006882e+01 -2.40000000e-03
 8.80391212e+01 -2.40000000e-03
 8.81738942e+01 -2.40000000e-03
 8.83094871e+01 -2.40000000e-03
 8.84835732e+01 -2.40000000e-03
 8.86198950e+01 -2.40000000e-03
 8.87605512e+01 -2.40000000e-03
 8.88949342e+01 -2.50000000e-03
 8.90312541e+01 -2.50000000e-03
 8.91662512e+01 -2.40000000e-03
 8.93029461e+01 -2.40000000e-03
 8.94385781e+01 -2.40000000e-03
 8.95749662e+01 -2.40000000e-03
 8.97645662e+01 -2.40000000e-03
 8.98994522e+01 -2.40000000e-03
 9.00354352e+01 -2.40000000e-03
 9.01706102e+01 -2.40000000e-03
 9.03064492e+01 -2.40000000e-03
 9.04410641e+01 -2.40000000e-03
 9.05794370e+01 -2.40000000e-03
 9.07630670e+01 -2.40000000e-03
 9.08983400e+01 -2.40000000e-03
 9.10347180e+01 -2.40000000e-03
 9.11699851e+01 -2.40000000e-03
 9.13068941e+01 -2.40000000e-03
 9.14420931e+01 -2.40000000e-03
 9.15790951e+01 -2.30000000e-03
 9.17626472e+01 -2.30000000e-03
 9.18975041e+01 -2.40000000e-03
 9.20358510e+01 -2.40000000e-03
 9.21714251e+01 -2.40000000e-03
 9.23072991e+01 -2.40000000e-03
 9.24422231e+01 -2.40000000e-03
 9.25808101e+01 -2.40000000e-03
 9.27657201e+01 -2.40000000e-03
 9.29001901e+01 -2.40000000e-03
 9.30372350e+01 -2.40000000e-03
 9.31721110e+01 -2.40000000e-03
 9.33108902e+01 -2.40000000e-03
 9.34851100e+01 -2.40000000e-03
 9.36207671e+01 -2.50000000e-03
 9.37658162e+01 -2.50000000e-03
 9.39034090e+01 -2.50000000e-03
 9.40423071e+01 -2.50000000e-03
 9.41772881e+01 -2.50000000e-03
 9.43130150e+01 -2.50000000e-03
 9.44905460e+01 -2.50000000e-03
 9.46282670e+01 -2.50000000e-03
 9.47649071e+01 -2.50000000e-03
 9.48996172e+01 -2.50000000e-03
 9.50367112e+01 -2.50000000e-03
 9.51716602e+01 -2.50000000e-03
 9.53080592e+01 -2.50000000e-03
 9.54429901e+01 -2.50000000e-03
 9.55783391e+01 -2.50000000e-03
 9.57659700e+01 -2.50000000e-03
 9.59012270e+01 -2.60000000e-03
 9.60402510e+01 -2.60000000e-03
 9.61753471e+01 -2.50000000e-03
 9.63116140e+01 -2.50000000e-03
 9.64876311e+01 -2.50000000e-03
 9.66234841e+01 -2.50000000e-03
 9.67680681e+01 -2.50000000e-03
 9.69029262e+01 -2.50000000e-03
 9.70393651e+01 -2.50000000e-03
 9.71740830e+01 -2.50000000e-03
 9.73102882e+01 -2.50000000e-03
 9.74861550e+01 -2.50000000e-03
 9.76258781e+01 -2.50000000e-03
 9.77617202e+01 -2.50000000e-03
 9.78970430e+01 -2.50000000e-03
 9.80340960e+01 -2.50000000e-03
 9.81696811e+01 -2.60000000e-03
 9.83069632e+01 -2.60000000e-03
 9.84424760e+01 -2.50000000e-03
 9.85787392e+01 -2.60000000e-03
 9.87683911e+01 -2.60000000e-03
 9.89036312e+01 -2.60000000e-03
 9.90399022e+01 -2.60000000e-03
 9.91754372e+01 -2.60000000e-03
 9.93098762e+01 -2.60000000e-03
 9.94863062e+01 -2.60000000e-03
 9.96220691e+01 -2.60000000e-03
 9.97649760e+01 -2.60000000e-03
 9.98998022e+01 -2.60000000e-03
 1.00036797e+02 -2.60000000e-03
 1.00171603e+02 -2.60000000e-03
 1.00308253e+02 -2.60000000e-03
 1.00442969e+02 -2.70000000e-03
 1.00580462e+02 -2.70000000e-03
 1.00769486e+02 -2.70000000e-03
 1.00904665e+02 -2.70000000e-03
 1.01042722e+02 -2.70000000e-03
 1.01178077e+02 -2.70000000e-03
 1.01313934e+02 -2.70000000e-03
 1.01491043e+02 -2.80000000e-03
 1.01627802e+02 -2.80000000e-03
 1.01766941e+02 -2.80000000e-03
 1.01909126e+02 -2.90000000e-03
 1.02045453e+02 -2.90000000e-03
 1.02181614e+02 -2.80000000e-03
 1.02317941e+02 -2.90000000e-03
 1.02497816e+02 -2.90000000e-03
 1.02632841e+02 -2.80000000e-03
 1.02769069e+02 -2.80000000e-03
 1.02904886e+02 -2.80000000e-03
 1.03041301e+02 -2.80000000e-03
 1.03176397e+02 -2.90000000e-03
 1.03313600e+02 -2.90000000e-03
 1.03493053e+02 -2.90000000e-03
 1.03628409e+02 -2.90000000e-03
 1.03764998e+02 -2.90000000e-03
 1.03900676e+02 -2.90000000e-03
 1.04037672e+02 -2.90000000e-03
 1.04172934e+02 -2.80000000e-03
 1.04307824e+02 -2.80000000e-03
 1.04442055e+02 -2.90000000e-03
 1.04579549e+02 -2.90000000e-03
 1.04760057e+02 -2.90000000e-03
 1.04895433e+02 -2.90000000e-03
 1.05034356e+02 -2.90000000e-03
 1.05169740e+02 -2.90000000e-03
 1.05306676e+02 -2.90000000e-03
 1.05441790e+02 -2.80000000e-03
 1.05578521e+02 -2.80000000e-03
 1.05760969e+02 -2.80000000e-03
 1.05896337e+02 -2.80000000e-03
 1.06033156e+02 -2.80000000e-03
 1.06168355e+02 -2.90000000e-03
 1.06307829e+02 -2.90000000e-03
 1.06442710e+02 -2.80000000e-03
 1.06576839e+02 -2.90000000e-03
 1.06769009e+02 -2.90000000e-03
 1.06904487e+02 -2.90000000e-03
 1.07040889e+02 -2.90000000e-03
 1.07176402e+02 -2.90000000e-03
 1.07315736e+02 -2.90000000e-03
 1.07492369e+02 -2.90000000e-03
 1.07627842e+02 -3.00000000e-03
 1.07760768e+02 -3.00000000e-03
 1.07896088e+02 -3.00000000e-03
 1.08034955e+02 -3.00000000e-03
 1.08170089e+02 -3.00000000e-03
 1.08306543e+02 -3.00000000e-03
 1.08441893e+02 -3.00000000e-03
 1.08579571e+02 -2.90000000e-03
 1.08768493e+02 -2.90000000e-03
 1.08903500e+02 -3.00000000e-03
 1.09040388e+02 -3.00000000e-03
 1.09175617e+02 -3.00000000e-03
 1.09311712e+02 -3.00000000e-03
 1.09487762e+02 -3.00000000e-03
 1.09624493e+02 -3.00000000e-03
 1.09765853e+02 -3.00000000e-03
 1.09901549e+02 -3.00000000e-03
 1.10038826e+02 -3.00000000e-03
 1.10174734e+02 -3.00000000e-03
 1.10309373e+02 -3.00000000e-03
 1.10487099e+02 -3.00000000e-03
 1.10623704e+02 -3.00000000e-03
 1.10763131e+02 -3.00000000e-03
 1.10898414e+02 -2.90000000e-03
 1.11034684e+02 -2.90000000e-03
 1.11169712e+02 -3.00000000e-03
 1.11307062e+02 -3.00000000e-03
 1.11443033e+02 -3.00000000e-03
 1.11580471e+02 -3.00000000e-03
 1.11763355e+02 -3.00000000e-03
 1.11898632e+02 -3.00000000e-03
 1.12035153e+02 -3.00000000e-03
 1.12170868e+02 -3.00000000e-03
 1.12307679e+02 -3.00000000e-03
 1.12442899e+02 -3.00000000e-03
 1.12579952e+02 -3.00000000e-03
 1.12762868e+02 -3.00000000e-03
 1.12898128e+02 -3.00000000e-03
 1.13036260e+02 -3.00000000e-03
 1.13171261e+02 -2.70000000e-03
 1.13308361e+02 -2.70000000e-03
 1.13483726e+02 -7.00000000e-04
 1.13621915e+02 -9.00000000e-04
 1.13771585e+02 -9.00000000e-04
 1.13906879e+02 -1.90000000e-03
 1.14043259e+02 -1.90000000e-03
 1.14179220e+02 -1.80000000e-03
 1.14315713e+02 -1.80000000e-03
 1.14493005e+02 -4.00000000e-04
 1.14628648e+02 2.60000000e-03
 1.14770648e+02 2.60000000e-03
 1.14905966e+02 8.60000000e-03
 1.15042018e+02 8.60000000e-03
 1.15177019e+02 1.89000000e-02
 1.15313316e+02 1.89000000e-02
 1.15492524e+02 3.90000000e-02
 1.15628532e+02 5.44000000e-02
 1.15772182e+02 5.44000000e-02
 1.15907299e+02 7.02000000e-02
 1.16043084e+02 7.02000000e-02
 1.16178199e+02 9.09000000e-02
 1.16314715e+02 9.09000000e-02
 1.16491219e+02 1.15100000e-01
 1.16627911e+02 1.43600000e-01
 1.16773619e+02 1.43600000e-01
 1.16908956e+02 1.63800000e-01
 1.17045963e+02 1.63800000e-01
 1.17182508e+02 1.93600000e-01
 1.17321228e+02 2.24100000e-01
 1.17496697e+02 2.24100000e-01
 1.17631845e+02 2.56300000e-01
 1.17775031e+02 2.56300000e-01
 1.17910442e+02 2.92000000e-01
 1.18046652e+02 2.92000000e-01
 1.18182152e+02 3.27800000e-01
 1.18319095e+02 3.63500000e-01
 1.18495687e+02 3.63500000e-01
 1.18631268e+02 3.98900000e-01
 1.18768026e+02 3.98900000e-01
 1.18903004e+02 4.34400000e-01
 1.19042531e+02 4.34400000e-01
 1.19177827e+02 4.70100000e-01
 1.19313968e+02 4.70100000e-01
 1.19491137e+02 5.04100000e-01
 1.19626685e+02 5.37600000e-01
 1.19776568e+02 5.37600000e-01
 1.19912116e+02 5.69500000e-01
 1.20048541e+02 5.69500000e-01
 1.20183142e+02 5.99500000e-01
 1.20322510e+02 6.29700000e-01
 1.20495729e+02 6.29700000e-01
 1.20630978e+02 6.59000000e-01
 1.20768945e+02 6.59000000e-01
 1.20904243e+02 6.86400000e-01
 1.21041045e+02 6.86400000e-01
 1.21176416e+02 7.14300000e-01
 1.21313539e+02 7.14300000e-01
 1.21490397e+02 7.39500000e-01
 1.21627123e+02 7.64000000e-01
 1.21770302e+02 7.64000000e-01
 1.21905343e+02 7.87400000e-01
 1.22042440e+02 7.87400000e-01
 1.22177956e+02 8.09200000e-01
 1.22317449e+02 8.09200000e-01
 1.22494254e+02 8.29800000e-01
 1.22629736e+02 8.49300000e-01
 1.22773620e+02 8.49300000e-01
 1.22908795e+02 8.68100000e-01
 1.23046711e+02 8.68100000e-01
 1.23182785e+02 8.85800000e-01
 1.23319950e+02 9.02900000e-01
 1.23495992e+02 9.02900000e-01
 1.23635606e+02 9.18100000e-01
 1.23772371e+02 9.18100000e-01
 1.23907758e+02 9.32500000e-01
 1.24045048e+02 9.32500000e-01
 1.24180250e+02 9.46600000e-01
 1.24318301e+02 9.59800000e-01
 1.24496675e+02 9.59800000e-01
 1.24632641e+02 9.72400000e-01
 1.24769553e+02 9.72400000e-01
 1.24905004e+02 9.84800000e-01
 1.25041767e+02 9.84800000e-01
 1.25177422e+02 9.95600000e-01
 1.25314857e+02 9.95600000e-01
 1.25494685e+02 1.00690000e+00
 1.25630731e+02 1.01790000e+00
 1.25773769e+02 1.01790000e+00
 1.25909139e+02 1.02840000e+00
 1.26048777e+02 1.02840000e+00
 1.26184053e+02 1.03650000e+00
 1.26320347e+02 1.04510000e+00
 1.26496401e+02 1.04510000e+00
 1.26631731e+02 1.05420000e+00
 1.26773314e+02 1.05420000e+00
 1.26908918e+02 1.06360000e+00
 1.27045398e+02 1.06360000e+00
 1.27181081e+02 1.07230000e+00
 1.27318181e+02 1.08060000e+00
 1.27495684e+02 1.08060000e+00
 1.27631696e+02 1.08880000e+00
 1.27771040e+02 1.08880000e+00
 1.27906643e+02 1.09640000e+00
 1.28043250e+02 1.09640000e+00
 1.28179055e+02 1.10370000e+00
 1.28316707e+02 1.10370000e+00
 1.28496568e+02 1.11080000e+00
 1.28632093e+02 1.11820000e+00
 1.28773608e+02 1.11820000e+00
 1.28909133e+02 1.12560000e+00
 1.29046426e+02 1.12560000e+00
 1.29182076e+02 1.13290000e+00
 1.29321458e+02 1.13960000e+00
 1.29497369e+02 1.13960000e+00
 1.29632873e+02 1.14620000e+00
 1.29773403e+02 1.14620000e+00
 1.29911610e+02 1.15270000e+00
 1.30044265e+02 1.15270000e+00
 1.30180011e+02 1.15930000e+00
 1.30317203e+02 1.15930000e+00
 1.30495211e+02 1.16540000e+00
 1.30631686e+02 1.17170000e+00
 1.30771587e+02 1.17170000e+00
 1.30907471e+02 1.17710000e+00
 1.31044320e+02 1.17710000e+00
 1.31180875e+02 1.18250000e+00
 1.31319996e+02 1.18740000e+00
 1.31496770e+02 1.18740000e+00
 1.31628885e+02 1.19240000e+00
 1.31768754e+02 1.19240000e+00
 1.31904205e+02 1.19740000e+00
 1.32041660e+02 1.19740000e+00
 1.32177140e+02 1.20230000e+00
 1.32314598e+02 1.20230000e+00
 1.32495336e+02 1.20700000e+00
 1.32631496e+02 1.21160000e+00
 1.32773360e+02 1.21160000e+00
 1.32913321e+02 1.21590000e+00
 1.33050076e+02 1.21590000e+00
 1.33185791e+02 1.21930000e+00
 1.33322778e+02 1.22390000e+00
 1.33497332e+02 1.22390000e+00
 1.33632728e+02 1.22820000e+00
 1.33772452e+02 1.22820000e+00
 1.33904469e+02 1.23290000e+00
 1.34041368e+02 1.23290000e+00
 1.34177035e+02 1.23760000e+00
 1.34314101e+02 1.23760000e+00
 1.34493942e+02 1.24260000e+00
 1.34630053e+02 1.24750000e+00
 1.34769888e+02 1.24750000e+00
 1.34905352e+02 1.25250000e+00
 1.35040768e+02 1.25250000e+00
 1.35179204e+02 1.25730000e+00
 1.35315637e+02 1.25730000e+00
 1.35493231e+02 1.26230000e+00
 1.35628709e+02 1.26690000e+00
 1.35768786e+02 1.26690000e+00
 1.35904833e+02 1.27120000e+00
 1.36041547e+02 1.27120000e+00
 1.36177329e+02 1.27560000e+00
 1.36314330e+02 1.27560000e+00
 1.36490603e+02 1.28000000e+00
 1.36627368e+02 1.28410000e+00
 1.36769418e+02 1.28410000e+00
 1.36904914e+02 1.28820000e+00
 1.37041325e+02 1.28820000e+00
 1.37177040e+02 1.29200000e+00
 1.37315385e+02 1.29200000e+00
 1.37492467e+02 1.29560000e+00
 1.37628454e+02 1.29870000e+00
 1.37768515e+02 1.29870000e+00
 1.37903695e+02 1.30230000e+00
 1.38040643e+02 1.30230000e+00
 1.38176669e+02 1.30600000e+00
 1.38313744e+02 1.30600000e+00
 1.38491155e+02 1.30990000e+00
 1.38626944e+02 1.31360000e+00
 1.38767193e+02 1.31360000e+00
 1.38903070e+02 1.31730000e+00
 1.39040102e+02 1.31730000e+00
 1.39175813e+02 1.32080000e+00
 1.39312093e+02 1.32080000e+00
 1.39490442e+02 1.32430000e+00
 1.39626983e+02 1.32770000e+00
 1.39773548e+02 1.32770000e+00
 1.39909683e+02 1.33100000e+00
 1.40047562e+02 1.33100000e+00
 1.40183760e+02 1.33440000e+00
 1.40322842e+02 1.33740000e+00
 1.40497018e+02 1.33740000e+00
 1.40632640e+02 1.34060000e+00
 1.40774583e+02 1.34060000e+00
 1.40910285e+02 1.34390000e+00
 1.41047360e+02 1.34390000e+00
 1.41182594e+02 1.34730000e+00
 1.41321229e+02 1.35090000e+00
 1.41497347e+02 1.35090000e+00
 1.41632735e+02 1.35440000e+00
 1.41769359e+02 1.35440000e+00
 1.41907200e+02 1.35780000e+00
 1.42044064e+02 1.35780000e+00
 1.42179408e+02 1.36110000e+00
 1.42318328e+02 1.36440000e+00
 1.42494970e+02 1.36440000e+00
 1.42630524e+02 1.36770000e+00
 1.42769601e+02 1.36770000e+00
 1.42905597e+02 1.37090000e+00
 1.43041814e+02 1.37090000e+00
 1.43177045e+02 1.37410000e+00
 1.43315639e+02 1.37410000e+00
 1.43492204e+02 1.37760000e+00
 1.43627799e+02 1.38040000e+00
 1.43767627e+02 1.38040000e+00
 1.43904544e+02 1.38340000e+00
 1.44041353e+02 1.38340000e+00
 1.44179046e+02 1.38680000e+00
 1.44315971e+02 1.38680000e+00
 1.44497504e+02 1.38990000e+00
 1.44634455e+02 1.39310000e+00
 1.44771774e+02 1.39310000e+00
 1.44909782e+02 1.39630000e+00
 1.45046155e+02 1.39630000e+00
 1.45181357e+02 1.39920000e+00
 1.45319856e+02 1.40200000e+00
 1.45496193e+02 1.40200000e+00
 1.45631732e+02 1.40450000e+00
 1.45772224e+02 1.40450000e+00
 1.45907774e+02 1.40680000e+00
 1.46047108e+02 1.40680000e+00
 1.46182736e+02 1.40900000e+00
 1.46319158e+02 1.41150000e+00
 1.46497871e+02 1.41150000e+00
 1.46633317e+02 1.41410000e+00
 1.46773707e+02 1.41410000e+00
 1.46909420e+02 1.41680000e+00
 1.47046258e+02 1.41680000e+00
 1.47184237e+02 1.41940000e+00
 1.47320554e+02 1.42210000e+00
 1.47496256e+02 1.42210000e+00
 1.47634157e+02 1.42490000e+00
 1.47771605e+02 1.42490000e+00
 1.47906954e+02 1.42810000e+00
 1.48043146e+02 1.42810000e+00
 1.48178307e+02 1.43110000e+00
 1.48316396e+02 1.43110000e+00
 1.48493104e+02 1.43420000e+00
 1.48629125e+02 1.43680000e+00
 1.48771064e+02 1.43680000e+00
 1.48906813e+02 1.43960000e+00
 1.49045238e+02 1.43960000e+00
 1.49180806e+02 1.44240000e+00
 1.49317607e+02 1.44490000e+00
 1.49496605e+02 1.44490000e+00
 1.49631899e+02 1.44740000e+00
 1.49771137e+02 1.44740000e+00
 1.49906523e+02 1.44980000e+00
 1.50043086e+02 1.44980000e+00
 1.50180781e+02 1.45250000e+00
 1.50317161e+02 1.45250000e+00
 1.50494240e+02 1.45510000e+00
 1.50632027e+02 1.45760000e+00
 1.50769047e+02 1.45760000e+00
 1.50904500e+02 1.46010000e+00
 1.51042904e+02 1.46010000e+00
 1.51177966e+02 1.46270000e+00
 1.51314903e+02 1.46270000e+00
 1.51493505e+02 1.46530000e+00
 1.51629067e+02 1.46740000e+00
 1.51772185e+02 1.46740000e+00
 1.51907296e+02 1.46940000e+00
 1.52046131e+02 1.46940000e+00
 1.52181323e+02 1.47170000e+00
 1.52318031e+02 1.47420000e+00
 1.52496967e+02 1.47420000e+00
 1.52632706e+02 1.47640000e+00
 1.52769132e+02 1.47640000e+00
 1.52906619e+02 1.47920000e+00
 1.53043099e+02 1.47920000e+00
 1.53178535e+02 1.48140000e+00
 1.53315175e+02 1.48140000e+00
 1.53494095e+02 1.48360000e+00
 1.53629445e+02 1.48590000e+00
 1.53767423e+02 1.48590000e+00
 1.53903522e+02 1.48810000e+00
 1.54042308e+02 1.48810000e+00
 1.54177645e+02 1.49040000e+00
 1.54313957e+02 1.49040000e+00
 1.54490594e+02 1.49260000e+00
 1.54628190e+02 1.49470000e+00
 1.54767971e+02 1.49470000e+00
 1.54903831e+02 1.49680000e+00
 1.55042333e+02 1.49680000e+00
 1.55178040e+02 1.49890000e+00
 1.55314816e+02 1.49890000e+00
 1.55494444e+02 1.50130000e+00
 1.55629785e+02 1.50340000e+00
 1.55768227e+02 1.50340000e+00
 1.55903225e+02 1.50570000e+00
 1.56039900e+02 1.50570000e+00
 1.56175948e+02 1.50800000e+00
 1.56314736e+02 1.50800000e+00
 1.56492329e+02 1.51050000e+00
 1.56628445e+02 1.51260000e+00
 1.56769142e+02 1.51260000e+00
 1.56904300e+02 1.51490000e+00
 1.57041046e+02 1.51490000e+00
 1.57176608e+02 1.51700000e+00
 1.57315147e+02 1.51700000e+00
 1.57492010e+02 1.51850000e+00
 1.57627854e+02 1.52030000e+00
 1.57769003e+02 1.52030000e+00
 1.57904115e+02 1.52240000e+00
 1.58039890e+02 1.52240000e+00
 1.58177650e+02 1.52470000e+00
 1.58314126e+02 1.52470000e+00
 1.58490929e+02 1.52670000e+00
 1.58629174e+02 1.52840000e+00
 1.58765140e+02 1.52840000e+00
 1.58900488e+02 1.53050000e+00
 1.59036812e+02 1.53050000e+00
 1.59172081e+02 1.53280000e+00
 1.59310767e+02 1.53280000e+00
 1.59487881e+02 1.53460000e+00
 1.59624287e+02 1.53690000e+00
 1.59773040e+02 1.53690000e+00
 1.59908781e+02 1.53890000e+00
 1.60045459e+02 1.53890000e+00
 1.60180639e+02 1.54100000e+00
 1.60319171e+02 1.54290000e+00
 1.60496128e+02 1.54290000e+00
 1.60631566e+02 1.54450000e+00
 1.60771076e+02 1.54450000e+00
 1.60906533e+02 1.54670000e+00
 1.61043093e+02 1.54670000e+00
 1.61179039e+02 1.54800000e+00
 1.61317401e+02 1.54800000e+00
 1.61495080e+02 1.54980000e+00
 1.61630487e+02 1.55170000e+00
 1.61770054e+02 1.55170000e+00
 1.61905392e+02 1.55370000e+00
 1.62041948e+02 1.55370000e+00
 1.62177680e+02 1.55570000e+00
 1.62316210e+02 1.55570000e+00
 1.62493188e+02 1.55740000e+00
 1.62628803e+02 1.55910000e+00
 1.62767790e+02 1.55910000e+00
 1.62903310e+02 1.56090000e+00
 1.63039871e+02 1.56090000e+00
 1.63175289e+02 1.56270000e+00
 1.63314157e+02 1.56270000e+00
 1.63491130e+02 1.56490000e+00
 1.63626945e+02 1.56720000e+00
 1.63766787e+02 1.56720000e+00
 1.63901975e+02 1.56890000e+00
 1.64038153e+02 1.56890000e+00
 1.64176184e+02 1.57050000e+00
 1.64312650e+02 1.57050000e+00
 1.64489226e+02 1.57210000e+00
 1.64627932e+02 1.57370000e+00
 1.64768911e+02 1.57370000e+00
 1.64904518e+02 1.57570000e+00
 1.65041000e+02 1.57570000e+00
 1.65178636e+02 1.57730000e+00
 1.65315247e+02 1.57730000e+00
 1.65492018e+02 1.57890000e+00
 1.65630292e+02 1.58040000e+00
 1.65769753e+02 1.58040000e+00
 1.65904849e+02 1.58210000e+00
 1.66041305e+02 1.58210000e+00
 1.66178953e+02 1.58320000e+00
 1.66315017e+02 1.58320000e+00
 1.66492382e+02 1.58470000e+00
 1.66630717e+02 1.58620000e+00
 1.66766717e+02 1.58620000e+00
 1.66901810e+02 1.58750000e+00
 1.67039028e+02 1.58750000e+00
 1.67176993e+02 1.58890000e+00
 1.67313285e+02 1.58890000e+00
 1.67489953e+02 1.59030000e+00
 1.67628636e+02 1.59170000e+00
 1.67768229e+02 1.59170000e+00
 1.67903765e+02 1.59300000e+00
 1.68042144e+02 1.59300000e+00
 1.68179669e+02 1.59430000e+00
 1.68317963e+02 1.59560000e+00
 1.68495600e+02 1.59560000e+00
 1.68631147e+02 1.59730000e+00
 1.68770064e+02 1.59730000e+00
 1.68905402e+02 1.59890000e+00
 1.69046436e+02 1.59890000e+00
 1.69181558e+02 1.60050000e+00
 1.69318083e+02 1.60220000e+00
 1.69497214e+02 1.60220000e+00
 1.69633031e+02 1.60370000e+00
 1.69771613e+02 1.60370000e+00
 1.69907088e+02 1.60550000e+00
 1.70045180e+02 1.60550000e+00
 1.70180451e+02 1.60700000e+00
 1.70316991e+02 1.60700000e+00
 1.70495750e+02 1.60860000e+00
 1.70630587e+02 1.61000000e+00
 1.70773856e+02 1.61000000e+00
 1.70908831e+02 1.61160000e+00
 1.71046228e+02 1.61160000e+00
 1.71181798e+02 1.61320000e+00
 1.71320477e+02 1.61460000e+00
 1.71496185e+02 1.61460000e+00
 1.71631461e+02 1.61590000e+00
 1.71770381e+02 1.61590000e+00
 1.71905832e+02 1.61700000e+00
 1.72042299e+02 1.61700000e+00
 1.72177780e+02 1.61840000e+00
 1.72317012e+02 1.61840000e+00
 1.72494230e+02 1.61960000e+00
 1.72629850e+02 1.62100000e+00
 1.72769433e+02 1.62100000e+00
 1.72904768e+02 1.62220000e+00
 1.73040801e+02 1.62220000e+00
 1.73176378e+02 1.62360000e+00
 1.73315012e+02 1.62360000e+00
 1.73492284e+02 1.62520000e+00
 1.73627784e+02 1.62690000e+00
 1.73766817e+02 1.62690000e+00
 1.73902420e+02 1.62840000e+00
 1.74038635e+02 1.62840000e+00
 1.74174229e+02 1.63010000e+00
 1.74313088e+02 1.63010000e+00
 1.74490078e+02 1.63140000e+00
 1.74628332e+02 1.63280000e+00
 1.74765059e+02 1.63280000e+00
 1.74900484e+02 1.63430000e+00
 1.75039425e+02 1.63430000e+00
 1.75174772e+02 1.63570000e+00
 1.75311803e+02 1.63570000e+00
 1.75490528e+02 1.63720000e+00
 1.75626362e+02 1.63840000e+00
 1.75766831e+02 1.63840000e+00
 1.75901974e+02 1.63980000e+00
 1.76038746e+02 1.63980000e+00
 1.76174292e+02 1.64150000e+00
 1.76312865e+02 1.64150000e+00
 1.76489875e+02 1.64320000e+00
 1.76628294e+02 1.64480000e+00
 1.76772146e+02 1.64480000e+00
 1.76907192e+02 1.64660000e+00
 1.77043154e+02 1.64660000e+00
 1.77178702e+02 1.64790000e+00
 1.77317180e+02 1.64790000e+00
 1.77494084e+02 1.64910000e+00
 1.77629829e+02 1.65060000e+00
 1.77768800e+02 1.65060000e+00
 1.77904081e+02 1.65180000e+00
 1.78040794e+02 1.65180000e+00
 1.78178758e+02 1.65310000e+00
 1.78317383e+02 1.65310000e+00
 1.78496656e+02 1.65430000e+00
 1.78632210e+02 1.65530000e+00
 1.78768910e+02 1.65530000e+00
 1.78904707e+02 1.65650000e+00
 1.79042993e+02 1.65650000e+00
 1.79178362e+02 1.65750000e+00
 1.79316824e+02 1.65750000e+00
 1.79494022e+02 1.65880000e+00
 1.79629729e+02 1.66000000e+00
 1.79768712e+02 1.66000000e+00
 1.79903916e+02 1.66130000e+00
 1.80040116e+02 1.66130000e+00
 1.80175586e+02 1.66290000e+00
 1.80314344e+02 1.66290000e+00
 1.80491064e+02 1.66410000e+00
 1.80626650e+02 1.66550000e+00
 1.80768260e+02 1.66550000e+00
 1.80903957e+02 1.66680000e+00
 1.81042387e+02 1.66680000e+00
 1.81177648e+02 1.66820000e+00
 1.81313879e+02 1.66820000e+00
 1.81493053e+02 1.66940000e+00
 1.81628923e+02 1.67040000e+00
 1.81770185e+02 1.67040000e+00
 1.81905185e+02 1.67160000e+00
 1.82042018e+02 1.67160000e+00
 1.82177047e+02 1.67300000e+00
 1.82315380e+02 1.67300000e+00
 1.82492356e+02 1.67400000e+00
 1.82628547e+02 1.67510000e+00
 1.82767126e+02 1.67510000e+00
 1.82902533e+02 1.67640000e+00
 1.83041799e+02 1.67640000e+00
 1.83177358e+02 1.67780000e+00
 1.83314159e+02 1.67780000e+00
 1.83493601e+02 1.67900000e+00
 1.83629535e+02 1.68030000e+00
 1.83770622e+02 1.68030000e+00
 1.83905902e+02 1.68130000e+00
 1.84041937e+02 1.68130000e+00
 1.84177462e+02 1.68250000e+00
 1.84316029e+02 1.68250000e+00
 1.84496676e+02 1.68370000e+00
 1.84631830e+02 1.68470000e+00
 1.84768004e+02 1.68470000e+00
 1.84903684e+02 1.68580000e+00
 1.85040193e+02 1.68580000e+00
 1.85175746e+02 1.68670000e+00
 1.85314853e+02 1.68670000e+00
 1.85492074e+02 1.68790000e+00
 1.85630161e+02 1.68900000e+00
 1.85766904e+02 1.68900000e+00
 1.85902032e+02 1.69040000e+00
 1.86037913e+02 1.69040000e+00
 1.86175402e+02 1.69170000e+00
 1.86312943e+02 1.69170000e+00
 1.86490137e+02 1.69280000e+00
 1.86628390e+02 1.69380000e+00
 1.86768167e+02 1.69380000e+00
 1.86903985e+02 1.69460000e+00
 1.87042257e+02 1.69460000e+00
 1.87177414e+02 1.69560000e+00
 1.87314550e+02 1.69560000e+00
 1.87494339e+02 1.69660000e+00
 1.87629465e+02 1.69760000e+00
 1.87767012e+02 1.69760000e+00
 1.87902809e+02 1.69850000e+00
 1.88042004e+02 1.69850000e+00
 1.88177567e+02 1.69930000e+00
 1.88313903e+02 1.69930000e+00
 1.88493126e+02 1.69990000e+00
 1.88628780e+02 1.70080000e+00
 1.88771045e+02 1.70080000e+00
 1.88906583e+02 1.70180000e+00
 1.89044834e+02 1.70180000e+00
 1.89180536e+02 1.70310000e+00
 1.89317098e+02 1.70310000e+00
 1.89495915e+02 1.70430000e+00
 1.89631615e+02 1.70530000e+00
 1.89772906e+02 1.70530000e+00
 1.89907941e+02 1.70630000e+00
 1.90044002e+02 1.70630000e+00
 1.90179635e+02 1.70750000e+00
 1.90318144e+02 1.70850000e+00
 1.90496152e+02 1.70850000e+00
 1.90631867e+02 1.70990000e+00
 1.90770312e+02 1.70990000e+00
 1.90905961e+02 1.71110000e+00
 1.91042290e+02 1.71110000e+00
 1.91177632e+02 1.71200000e+00
 1.91315734e+02 1.71200000e+00
 1.91492275e+02 1.71350000e+00
 1.91630454e+02 1.71440000e+00
 1.91768648e+02 1.71440000e+00
 1.91903610e+02 1.71550000e+00
 1.92039845e+02 1.71550000e+00
 1.92175559e+02 1.71660000e+00
 1.92313587e+02 1.71660000e+00
 1.92490261e+02 1.71790000e+00
 1.92626596e+02 1.71890000e+00
 1.92766000e+02 1.71890000e+00
 1.92901368e+02 1.72000000e+00
 1.93037947e+02 1.72000000e+00
 1.93173587e+02 1.72070000e+00
 1.93309763e+02 1.72070000e+00
 1.93487950e+02 1.72190000e+00
 1.93624075e+02 1.72280000e+00
 1.93770067e+02 1.72280000e+00
 1.93907768e+02 1.72370000e+00
 1.94044192e+02 1.72370000e+00
 1.94179485e+02 1.72470000e+00
 1.94318316e+02 1.72550000e+00
 1.94495194e+02 1.72550000e+00
 1.94630426e+02 1.72670000e+00
 1.94767194e+02 1.72670000e+00
 1.94902725e+02 1.72780000e+00
 1.95041653e+02 1.72780000e+00
 1.95177161e+02 1.72870000e+00
 1.95313209e+02 1.72870000e+00
 1.95492059e+02 1.72950000e+00
 1.95627946e+02 1.73020000e+00
 1.95764123e+02 1.73020000e+00
 1.95899232e+02 1.73120000e+00
 1.96037657e+02 1.73120000e+00
 1.96173059e+02 1.73210000e+00
 1.96309747e+02 1.73210000e+00
 1.96488693e+02 1.73310000e+00
 1.96624646e+02 1.73410000e+00
 1.96767897e+02 1.73410000e+00
 1.96903520e+02 1.73470000e+00
 1.97041829e+02 1.73470000e+00
 1.97176896e+02 1.73560000e+00
 1.97313104e+02 1.73560000e+00
 1.97492145e+02 1.73610000e+00
 1.97627800e+02 1.73690000e+00
 1.97767705e+02 1.73690000e+00
 1.97903466e+02 1.73780000e+00
 1.98039901e+02 1.73780000e+00
 1.98177901e+02 1.73880000e+00
 1.98314921e+02 1.73880000e+00
 1.98494483e+02 1.73980000e+00
 1.98629746e+02 1.74070000e+00
 1.98766083e+02 1.74070000e+00
 1.98901432e+02 1.74180000e+00
 1.99040086e+02 1.74180000e+00
 1.99175339e+02 1.74290000e+00
 1.99313576e+02 1.74290000e+00
 1.99492646e+02 1.74400000e+00
 1.99628959e+02 1.74490000e+00
 1.99772285e+02 1.74490000e+00
 1.99907737e+02 1.74560000e+00
 2.00046186e+02 1.74560000e+00
 2.00181751e+02 1.74690000e+00
 2.00317819e+02 1.74800000e+00
 2.00494498e+02 1.74800000e+00
 2.00630052e+02 1.74930000e+00
 2.00768686e+02 1.74930000e+00
 2.00904443e+02 1.74990000e+00
 2.01040952e+02 1.74990000e+00
 2.01178765e+02 1.75100000e+00
 2.01314813e+02 1.75100000e+00
 2.01490925e+02 1.75170000e+00
 2.01629154e+02 1.75260000e+00
 2.01771094e+02 1.75260000e+00
 2.01906807e+02 1.75370000e+00
 2.02042982e+02 1.75370000e+00
 2.02181319e+02 1.75420000e+00
 2.02317242e+02 1.75420000e+00
 2.02494333e+02 1.75510000e+00
 2.02632779e+02 1.75600000e+00
 2.02769002e+02 1.75600000e+00
 2.02904230e+02 1.75690000e+00
 2.03043122e+02 1.75690000e+00
 2.03178470e+02 1.75760000e+00
 2.03314565e+02 1.75760000e+00
 2.03492283e+02 1.75850000e+00
 2.03628237e+02 1.75920000e+00
 2.03768995e+02 1.75920000e+00
 2.03903772e+02 1.76020000e+00
 2.04039802e+02 1.76020000e+00
 2.04175364e+02 1.76090000e+00
 2.04313968e+02 1.76090000e+00
 2.04490834e+02 1.76170000e+00
 2.04629152e+02 1.76240000e+00
 2.04765966e+02 1.76240000e+00
 2.04901847e+02 1.76310000e+00
 2.05040665e+02 1.76310000e+00
 2.05176315e+02 1.76380000e+00
 2.05312904e+02 1.76380000e+00
 2.05491325e+02 1.76460000e+00
 2.05627329e+02 1.76540000e+00
 2.05764656e+02 1.76540000e+00
 2.05902796e+02 1.76610000e+00
 2.06040160e+02 1.76610000e+00
 2.06175693e+02 1.76670000e+00
 2.06314230e+02 1.76670000e+00
 2.06491167e+02 1.76750000e+00
 2.06627011e+02 1.76850000e+00
 2.06767711e+02 1.76850000e+00
 2.06903530e+02 1.76910000e+00
 2.07042159e+02 1.76910000e+00
 2.07177666e+02 1.76960000e+00
 2.07316893e+02 1.76960000e+00
 2.07495167e+02 1.77030000e+00
 2.07630800e+02 1.77110000e+00
 2.07769983e+02 1.77110000e+00
 2.07905802e+02 1.77150000e+00
 2.08042246e+02 1.77150000e+00
 2.08180016e+02 1.77180000e+00
 2.08316670e+02 1.77180000e+00
 2.08493328e+02 1.77250000e+00
 2.08629481e+02 1.77330000e+00
 2.08767794e+02 1.77330000e+00
 2.08903563e+02 1.77380000e+00
 2.09042129e+02 1.77380000e+00
 2.09177424e+02 1.77450000e+00
 2.09315927e+02 1.77450000e+00
 2.09493040e+02 1.77530000e+00
 2.09629009e+02 1.77590000e+00
 2.09767113e+02 1.77590000e+00
 2.09902364e+02 1.77650000e+00
 2.10039037e+02 1.77650000e+00
 2.10174170e+02 1.77730000e+00
 2.10312691e+02 1.77730000e+00
 2.10489711e+02 1.77790000e+00
 2.10626198e+02 1.77860000e+00
 2.10769034e+02 1.77860000e+00
 2.10908292e+02 1.77930000e+00
 2.11046296e+02 1.77930000e+00
 2.11182174e+02 1.77990000e+00
 2.11320518e+02 1.78040000e+00
 2.11496368e+02 1.78040000e+00
 2.11631955e+02 1.78110000e+00
 2.11771435e+02 1.78110000e+00
 2.11906876e+02 1.78160000e+00
 2.12044010e+02 1.78160000e+00
 2.12181951e+02 1.78220000e+00
 2.12318249e+02 1.78270000e+00
 2.12495181e+02 1.78270000e+00
 2.12630685e+02 1.78350000e+00
 2.12769188e+02 1.78350000e+00
 2.12904304e+02 1.78420000e+00
 2.13042860e+02 1.78420000e+00
 2.13177512e+02 1.78480000e+00
 2.13313850e+02 1.78480000e+00
 2.13491301e+02 1.78500000e+00
 2.13629638e+02 1.78570000e+00
 2.13766812e+02 1.78570000e+00
 2.13902133e+02 1.78620000e+00
 2.14040845e+02 1.78620000e+00
 2.14176096e+02 1.78680000e+00
 2.14312845e+02 1.78680000e+00
 2.14491446e+02 1.78750000e+00
 2.14626899e+02 1.78790000e+00
 2.14763788e+02 1.78790000e+00
 2.14899249e+02 1.78870000e+00
 2.15037837e+02 1.78870000e+00
 2.15173800e+02 1.78930000e+00
 2.15309646e+02 1.78930000e+00
 2.15485944e+02 1.78990000e+00
 2.15624111e+02 1.79090000e+00
 2.15768195e+02 1.79090000e+00
 2.15903375e+02 1.79160000e+00
 2.16039679e+02 1.79160000e+00
 2.16174945e+02 1.79220000e+00
 2.16313546e+02 1.79220000e+00
 2.16490057e+02 1.79300000e+00
 2.16625465e+02 1.79340000e+00
 2.16769025e+02 1.79340000e+00
 2.16905004e+02 1.79400000e+00
 2.17042924e+02 1.79400000e+00
 2.17177914e+02 1.79470000e+00
 2.17314145e+02 1.79470000e+00
 2.17493301e+02 1.79540000e+00
 2.17629095e+02 1.79610000e+00
 2.17766982e+02 1.79610000e+00
 2.17902399e+02 1.79670000e+00
 2.18040623e+02 1.79670000e+00
 2.18175929e+02 1.79760000e+00
 2.18312652e+02 1.79760000e+00
 2.18492229e+02 1.79830000e+00
 2.18627745e+02 1.79880000e+00
 2.18766122e+02 1.79880000e+00
 2.18901162e+02 1.79960000e+00
 2.19037737e+02 1.79960000e+00
 2.19172945e+02 1.80040000e+00
 2.19311842e+02 1.80040000e+00
 2.19488136e+02 1.80090000e+00
 2.19626626e+02 1.80160000e+00
 2.19774148e+02 1.80160000e+00
 2.19909622e+02 1.80210000e+00
 2.20048350e+02 1.80210000e+00
 2.20183821e+02 1.80290000e+00
 2.20320339e+02 1.80330000e+00
 2.20498602e+02 1.80330000e+00
 2.20633922e+02 1.80400000e+00
 2.20770166e+02 1.80400000e+00
 2.20905800e+02 1.80440000e+00
 2.21044272e+02 1.80440000e+00
 2.21179685e+02 1.80490000e+00
 2.21315901e+02 1.80490000e+00
 2.21493816e+02 1.80550000e+00
 2.21629017e+02 1.80600000e+00
 2.21771311e+02 1.80600000e+00
 2.21906797e+02 1.80680000e+00
 2.22042916e+02 1.80680000e+00
 2.22178395e+02 1.80740000e+00
 2.22317211e+02 1.80740000e+00
 2.22494381e+02 1.80790000e+00
 2.22629776e+02 1.80860000e+00
 2.22766151e+02 1.80860000e+00
 2.22901388e+02 1.80940000e+00
 2.23039820e+02 1.80940000e+00
 2.23175404e+02 1.81000000e+00
 2.23311718e+02 1.81000000e+00
 2.23491082e+02 1.81080000e+00
 2.23626687e+02 1.81150000e+00
 2.23768447e+02 1.81150000e+00
 2.23903811e+02 1.81190000e+00
 2.24040943e+02 1.81190000e+00
 2.24178481e+02 1.81250000e+00
 2.24312577e+02 1.81250000e+00
 2.24488941e+02 1.81300000e+00
 2.24624882e+02 1.81350000e+00
 2.24766837e+02 1.81350000e+00
 2.24901981e+02 1.81410000e+00
 2.25040380e+02 1.81410000e+00
 2.25175541e+02 1.81500000e+00
 2.25311865e+02 1.81500000e+00
 2.25488162e+02 1.81540000e+00
 2.25626360e+02 1.81610000e+00
 2.25764943e+02 1.81610000e+00
 2.25902767e+02 1.81690000e+00
 2.26040786e+02 1.81690000e+00
 2.26176447e+02 1.81730000e+00
